image_width: 2448
image_height: 2048
camera_name: head_camera
camera_matrix:
  rows:  3
  cols:  3
  data: [677.6822465383319, 0.0, 1235.2606710441592, 0.0, 679.4732022197448, 1044.1071828902486, 0.0, 0.0, 1.0]
distortion_model: fish_eye
distortion_coefficients:
  rows: 1
  cols: 5
  data: [0.025063766547786817, 0.00899204493264731, 0.0031613239813566276, -0.001001515811407388, 0.000000]
rectification_matrix:
  rows: 3
  cols: 3
  data: [1.000000, 0.000000, 0.000000, 0.000000, 1.000000, 0.000000, 0.000000, 0.000000, 1.000000]
projection_matrix:
  rows: 3
  cols: 4
  data: [503.124786, 0.000000, 1199.591668, 0.000000, 0.000000, 494.065338, 1043.002703, 0.000000, 0.000000, 0.000000, 1.000000, 0.000000]
